16 256

Benchmarking Items.Power

{7:[(0,12),(0,14),(1,5),(2,4),(2,7),(2,9),(2,15),(4,12),(4,14),(5,2),(5,9),(6,1),(6,10),(6,12),(6,15),(8,3),(8,7),(8,11),(10,6),(11,15),(13,1),(13,9),(13,12),(14,3),(14,4),(14,5),(14,7),(14,10),(14,15)],
8:[(0,10),(1,0),(1,10),(1,12),(2,1),(2,3),(3,12),(4,6),(5,1),(5,4),(6,8),(6,9),(7,7),(8,9),(8,13),(8,15),(9,4),(9,6),(9,9),(9,12),(10,3),(10,10),(11,2),(11,9),(12,9),(13,8),(14,1),(15,1),(15,12),(15,13)],
9:[(0,4),(0,15),(1,1),(1,2),(1,6),(1,9),(1,14),(3,1),(3,14),(4,7),(4,9),(5,11),(6,4),(6,13),(7,2),(7,12),(8,0),(8,6),(9,8),(9,15),(10,0),(10,7),(10,9),(11,1),(11,5),(11,7),(13,0),(13,13),(15,0),(15,15)],
10:[(0,5),(0,11),(1,8),(2,6),(3,2),(3,8),(4,13),(5,5),(5,8),(5,12),(5,13),(6,2),(6,3),(6,6),(7,5),(8,12),(9,0),(9,2),(10,2),(11,6),(13,11),(13,14),(14,11),(14,12)],
11:[(0,6),(0,7),(0,8),(0,13),(1,3),(1,13),(3,10),(4,1),(4,11),(7,10),(7,15),(9,3),(9,7),(9,14),(10,1),(11,4),(12,1),(12,8),(13,10),(14,0),(14,9),(14,13),(14,14),(15,2),(15,6)],
12:[(1,4),(2,14),(4,0),(4,2),(4,15),(6,11),(7,9),(7,11),(8,5),(9,1),(9,11),(10,4),(10,8),(10,11),(10,12),(10,15),(11,3),(12,0),(12,6),(12,13),(12,15),(13,4),(15,10)],
13:[(0,1),(1,11),(1,15),(2,8),(3,0),(3,6),(3,7),(3,13),(4,4),(4,10),(5,0),(5,10),(6,5),(6,14),(7,4),(7,6),(7,8),(8,2),(8,10),(9,10),(9,13),(10,5),(10,13),(11,0),(11,8),(11,10),(11,13),(12,2),(12,4),(12,5),(12,7),(13,6),(14,8),(15,4),(15,7),(15,9),(15,11),(15,14)],
14:[(0,0),(0,2),(2,0),(2,2),(2,13),(3,4),(3,5),(3,9),(5,6),(6,0),(6,7),(7,0),(7,14),(8,1),(8,8),(10,14),(11,11),(11,14),(12,3),(12,11),(12,12),(13,3),(14,6),(15,3),(15,8)],
15:[(0,3),(0,9),(1,7),(2,5),(2,10),(2,11),(2,12),(3,3),(3,11),(3,15),(4,3),(4,5),(4,8),(5,3),(5,7),(5,14),(5,15),(7,1),(7,3),(7,13),(8,4),(8,14),(9,5),(11,12),(12,10),(12,14),(13,2),(13,5),(13,7),(13,15),(14,2),(15,5)]}

Wood Cost - Expected: 256 Actual: 1913.33 Poly: 1657.33 Base: 1 Average: 7.47 Ops: 429892 OpC: 7.47 Time: 70.76 TpC 276.42 ms

Benchmarking Items.Power

{7:[(0,1),(2,4),(3,4),(3,10),(3,15),(4,0),(4,8),(5,5),(6,7),(6,13),(7,2),(7,6),(7,7),(7,8),(7,15),(8,8),(8,9),(8,13),(9,0),(9,3),(9,5),(9,10),(10,6),(10,11),(10,15),(11,0),(12,2),(12,7),(12,15),(13,0),(13,1),(13,6),(13,14),(14,5),(14,12),(15,7),(15,10),(15,12)],8:[(0,8),(0,10),(0,11),(1,2),(1,6),(1,9),(1,13),(3,0),(3,2),(4,3),(4,5),(5,2),(5,11),(6,3),(7,0),(7,4),(8,2),(8,10),(8,15),(9,6),(11,6),(12,13),(13,3),(13,12),(14,7),(14,11)],9:[(0,7),(1,10),(1,11),(2,9),(2,13),(3,7),(3,13),(4,10),(4,13),(5,8),(6,8),(6,14),(8,12),(9,13),(10,8),(10,9),(10,12),(11,9),(12,6),(14,2),(14,14)],10:[(0,2),(0,13),(1,1),(1,12),(2,3),(2,6),(2,7),(4,2),(4,15),(5,0),(5,3),(5,9),(5,15),(6,0),(6,9),(6,11),(7,9),(7,11),(8,3),(8,6),(8,14),(9,14),(11,2),(12,9),(12,12),(13,13),(14,0),(14,8),(14,9),(15,3),(15,4),(15,9)],11:[(0,6),(1,0),(1,5),(1,7),(2,15),(3,6),(3,11),(4,11),(5,6),(5,10),(6,12),(7,5),(8,4),(9,8),(9,11),(10,0),(10,13),(11,12),(12,4),(13,2),(13,8),(13,15),(14,4),(14,6),(14,13),(14,15),(15,8),(15,15)],12:[(0,14),(1,8),(1,15),(2,2),(2,8),(2,10),(3,12),(4,1),(6,1),(6,15),(7,12),(7,13),(8,5),(8,11),(9,15),(10,2),(10,3),(10,7),(11,1),(11,4),(12,1),(12,3),(12,11),(12,14),(15,0),(15,11),(15,13)],13:[(0,3),(0,4),(0,15),(1,4),(2,0),(3,3),(4,4),(4,6),(4,7),(4,9),(4,14),(6,5),(6,6),(6,10),(7,1),(7,3),(8,7),(9,9),(10,1),(10,10),(10,14),(11,3),(11,7),(11,8),(11,11),(12,0),(13,5),(13,7),(13,11),(14,3),(15,2),(15,5)],14:[(0,0),(0,5),(1,3),(1,14),(2,1),(2,5),(2,11),(2,12),(2,14),(3,5),(3,8),(5,1),(5,12),(5,14),(6,2),(7,10),(8,0),(9,7),(9,12),(11,5),(11,10),(11,13),(11,15),(12,5),(12,8),(12,10),(13,9),(13,10),(14,10),(15,1),(15,6),(15,14)],15:[(0,9),(0,12),(3,1),(3,9),(3,14),(4,12),(5,4),(5,7),(5,13),(6,4),(7,14),(8,1),(9,1),(9,2),(9,4),(10,4),(10,5),(11,14),(13,4),(14,1)]}

Wood Cost - Expected: 256 Actual: 1914.52 Poly: 1658.52 Base: 1 Average: 7.48 Ops: 423086 OpC: 7.48 Time: 69.64 TpC 272.05 ms

Benchmarking Items.Power

{7:[(0,15),(1,2),(1,6),(1,8),(1,11),(1,12),(2,11),(3,1),(3,2),(4,1),(4,2),(4,4),(4,10),(4,13),(5,7),(5,13),(7,4),(8,2),(8,5),(8,8),(9,2),(9,14),(10,3),(10,10),(12,4),(13,7),(14,5),(14,8),(15,1),(15,4),(15,12),(15,14)],8:[(0,2),(1,10),(1,14),(2,14),(4,0),(5,0),(5,6),(6,1),(6,10),(6,15),(7,3),(7,10),(8,12),(9,1),(10,13),(11,2),(11,9),(11,12),(11,14),(12,1),(12,10),(14,3),(14,10),(14,13)],9:[(0,0),(1,1),(1,9),(2,1),(2,4),(2,8),(3,8),(5,9),(6,9),(6,11),(8,1),(8,4),(8,6),(10,12),(11,10),(11,11),(11,15),(12,8),(12,9),(12,13),(12,15),(13,0),(15,3)],10:[(0,1),(0,9),(1,3),(2,13),(4,9),(5,2),(5,5),(5,10),(5,12),(6,4),(6,8),(6,12),(7,14),(8,0),(9,8),(9,11),(9,12),(10,11),(11,0),(11,3),(13,9),(14,4),(14,15),(15,5)],11:[(0,3),(0,11),(2,0),(3,5),(3,9),(3,10),(3,13),(5,8),(6,5),(6,6),(7,2),(8,15),(9,15),(10,8),(11,7),(12,5),(13,10),(13,15),(14,9),(15,0),(15,15)],12:[(0,6),(0,8),(1,0),(1,4),(2,6),(2,15),(3,4),(3,7),(3,11),(3,15),(4,3),(4,8),(5,1),(7,12),(7,15),(8,7),(8,10),(8,11),(8,14),(9,0),(9,3),(9,4),(10,1),(10,14),(11,1),(11,8),(12,0),(12,3),(12,6),(12,14),(13,4),(13,6),(13,8),(13,12),(13,14),(14,0),(14,11),(14,12),(14,14),(15,8),(15,9),(15,11)],13:[(0,14),(1,5),(1,7),(1,15),(2,3),(2,7),(2,9),(3,0),(3,3),(3,12),(4,6),(4,7),(4,15),(5,11),(5,15),(6,7),(6,14),(7,0),(7,1),(7,6),(8,3),(8,9),(9,6),(9,13),(10,7),(12,2),(12,7),(12,11),(13,3),(13,5),(13,11),(13,13),(14,1),(15,6)],14:[(0,10),(0,12),(2,2),(2,5),(2,10),(2,12),(3,6),(4,14),(5,4),(6,0),(6,2),(6,3),(7,7),(7,11),(9,5),(9,10),(10,0),(10,9),(11,5),(12,12),(14,2),(15,7),(15,13)],15:[(0,4),(0,5),(0,7),(0,13),(1,13),(3,14),(4,5),(4,11),(4,12),(5,3),(5,14),(6,13),(7,5),(7,8),(7,9),(7,13),(8,13),(9,7),(9,9),(10,2),(10,4),(10,5),(10,6),(10,15),(11,4),(11,6),(11,13),(13,1),(13,2),(14,6),(14,7),(15,2),(15,10)]}

Wood Cost - Expected: 256 Actual: 1914.34 Poly: 1658.34 Base: 1 Average: 7.48 Ops: 424714 OpC: 7.48 Time: 69.91 TpC 273.1 ms

Benchmarking Items.Power

{7:[(0,3),(0,9),(0,11),(1,1),(1,12),(2,3),(2,4),(2,11),(3,13),(4,0),(4,8),(5,11),(5,14),(5,15),(8,6),(9,1),(9,7),(10,2),(10,12),(11,6),(11,12),(12,5),(12,15),(13,3),(13,10),(13,11),(13,14),(14,4),(14,15),(15,9)],8:[(0,2),(1,7),(1,15),(2,8),(3,0),(3,8),(3,10),(3,14),(4,12),(6,3),(6,4),(6,8),(6,12),(6,14),(7,3),(7,7),(7,10),(8,7),(8,8),(9,14),(10,6),(10,7),(10,14),(11,10),(12,4),(13,6),(13,7),(14,2),(14,11),(14,13),(15,1)],9:[(0,7),(1,2),(1,13),(2,10),(3,7),(4,7),(4,9),(4,15),(7,6),(7,11),(7,13),(8,0),(8,1),(8,5),(8,13),(9,10),(9,12),(10,1),(10,13),(11,1),(12,2),(13,8),(13,15),(14,1),(15,2)],10:[(0,4),(0,14),(1,5),(2,14),(4,5),(4,6),(4,10),(4,13),(5,12),(6,5),(6,11),(8,2),(9,8),(11,7),(11,9),(13,12),(13,13),(15,8),(15,10),(15,11),(15,13)],11:[(0,5),(0,12),(0,15),(1,6),(1,10),(2,0),(2,5),(3,1),(3,5),(3,11),(4,1),(4,14),(5,2),(5,4),(5,13),(6,9),(7,0),(7,4),(8,3),(8,4),(8,10),(9,0),(9,3),(9,6),(9,11),(9,13),(10,4),(11,3),(11,5),(11,13),(12,6),(12,9),(13,0),(14,3),(14,5),(14,6),(14,14),(15,0),(15,3),(15,14),(15,15)],12:[(0,0),(0,1),(1,3),(2,1),(3,4),(4,2),(5,0),(5,3),(5,6),(6,0),(6,1),(7,5),(7,9),(7,12),(7,15),(9,2),(9,4),(10,0),(10,5),(11,4),(12,0),(12,1),(12,10),(13,1),(13,5)],13:[(0,10),(1,4),(1,11),(2,9),(2,12),(2,13),(2,15),(3,15),(5,8),(5,9),(6,6),(6,15),(8,9),(9,9),(10,9),(10,15),(11,0),(11,2),(11,8),(11,15),(12,3),(12,13),(13,4),(13,9),(14,7),(14,10),(15,4)],14:[(0,6),(1,0),(3,2),(3,6),(5,1),(5,10),(6,7),(6,13),(8,14),(9,5),(9,15),(10,3),(10,8),(10,11),(11,11),(12,8),(12,11),(13,2),(14,0),(14,8),(14,9),(14,12)],15:[(0,8),(0,13),(1,8),(1,9),(1,14),(2,2),(2,6),(2,7),(3,3),(3,9),(3,12),(4,3),(4,4),(4,11),(5,5),(5,7),(6,2),(6,10),(7,1),(7,2),(7,8),(7,14),(8,11),(8,12),(8,15),(10,10),(11,14),(12,7),(12,12),(12,14),(15,5),(15,6),(15,7),(15,12)]}

Wood Cost - Expected: 256 Actual: 1913.92 Poly: 1657.92 Base: 1 Average: 7.48 Ops: 426427 OpC: 7.48 Time: 70.19 TpC 274.2 ms

Benchmarking Items.Power

{7:[(0,2),(0,8),(0,9),(0,13),(1,1),(1,4),(1,10),(1,11),(2,4),(2,7),(2,13),(3,2),(4,6),(5,4),(5,7),(5,9),(6,6),(7,0),(9,1),(9,15),(10,5),(11,6),(11,13),(12,4),(13,1),(13,5),(14,4),(14,10),(15,4),(15,14)],8:[(0,10),(0,15),(1,12),(1,13),(2,1),(3,9),(4,12),(4,14),(6,5),(6,8),(6,11),(7,8),(7,13),(8,2),(8,7),(8,15),(9,5),(10,6),(10,8),(10,11),(11,5),(12,9),(13,12),(13,15),(14,8),(14,11),(15,6),(15,12)],9:[(0,1),(1,0),(1,3),(1,8),(1,9),(2,0),(2,8),(3,1),(3,5),(3,10),(3,11),(3,12),(4,0),(4,4),(4,15),(5,2),(5,13),(6,12),(7,11),(8,5),(9,4),(9,12),(10,12),(11,4),(12,7),(12,12),(12,14),(12,15),(13,14),(14,15)],10:[(0,0),(0,5),(0,14),(1,15),(2,9),(2,15),(3,6),(4,7),(5,0),(5,15),(6,2),(6,4),(6,10),(7,15),(8,9),(8,11),(8,13),(9,0),(10,2),(13,3),(14,14),(15,0),(15,3),(15,7),(15,11),(15,15)],11:[(0,4),(2,3),(2,6),(2,10),(6,0),(7,7),(8,12),(9,7),(10,4),(10,13),(11,12),(12,0),(12,2),(12,3),(12,10),(12,11),(12,13),(13,13),(14,5),(14,13),(15,5),(15,10)],12:[(0,3),(1,2),(1,5),(1,6),(2,11),(4,2),(4,8),(4,9),(5,6),(5,12),(6,1),(6,14),(7,3),(7,4),(7,9),(8,1),(8,3),(8,4),(8,10),(9,3),(11,9),(12,1),(12,6),(13,9),(14,6),(14,9),(15,1)],13:[(1,14),(2,2),(2,12),(3,0),(3,4),(3,7),(3,8),(4,3),(4,11),(5,1),(5,14),(6,9),(6,13),(8,8),(8,14),(9,6),(9,8),(9,10),(9,13),(10,3),(10,7),(10,9),(10,15),(11,7),(11,11),(13,6),(13,7),(14,2),(14,3),(14,12),(15,13)],14:[(1,7),(2,5),(3,14),(4,1),(4,5),(5,3),(5,5),(5,8),(5,10),(6,15),(7,6),(7,14),(8,0),(8,6),(9,2),(9,9),(9,11),(10,0),(10,10),(11,1),(11,8),(11,10),(12,8),(13,0),(13,4),(13,10),(14,0),(14,1),(15,2),(15,8),(15,9)],15:[(0,6),(0,7),(0,11),(0,12),(2,14),(3,3),(3,13),(3,15),(4,10),(4,13),(5,11),(6,3),(6,7),(7,1),(7,2),(7,5),(7,10),(7,12),(9,14),(10,1),(10,14),(11,0),(11,2),(11,3),(11,14),(11,15),(12,5),(13,2),(13,8),(13,11),(14,7)]}

Wood Cost - Expected: 256 Actual: 1914.13 Poly: 1658.13 Base: 1 Average: 7.48 Ops: 424740 OpC: 7.48 Time: 69.92 TpC 273.11 ms

